2025-04-30 12:14:43.427931: Démarrage de la réinitialisation des données opérationnelles (dry_run=False)
2025-04-30 12:14:43.428030: Démarrage de la réinitialisation des données opérationnelles
2025-04-30 12:14:43.428073: Création d'une sauvegarde avant la réinitialisation...
2025-04-30 12:14:43.428112: Sauvegarde simulée (à implémenter avec bench backup)
2025-04-30 12:14:43.438126: Trouvé 336 doctypes opérationnels à réinitialiser
2025-04-30 12:14:43.439267: Aucun enregistrement à supprimer pour Scheduler Event
2025-04-30 12:14:43.440148: Aucun enregistrement à supprimer pour Stock Closing Entry
2025-04-30 12:14:43.440954: Aucun enregistrement à supprimer pour Stock Closing Balance
2025-04-30 12:14:43.441699: Aucun enregistrement à supprimer pour Advance Payment Ledger Entry
2025-04-30 12:14:43.442423: Aucun enregistrement à supprimer pour Common Code
2025-04-30 12:14:43.443313: Aucun enregistrement à supprimer pour Code List
2025-04-30 12:14:43.444129: Aucun enregistrement à supprimer pour UTM Medium
2025-04-30 12:14:43.445318: Aucun enregistrement à supprimer pour UTM Source
2025-04-30 12:14:43.446660: Aucun enregistrement à supprimer pour Ledger Health
2025-04-30 12:14:43.447570: Aucun enregistrement à supprimer pour Asset Shift Factor
2025-04-30 12:14:43.448285: Aucun enregistrement à supprimer pour Asset Shift Allocation
2025-04-30 12:14:43.449007: Aucun enregistrement à supprimer pour Plant Floor
2025-04-30 12:14:43.449728: Aucun enregistrement à supprimer pour Bisect Nodes
2025-04-30 12:14:43.450445: Aucun enregistrement à supprimer pour Process Subscription
2025-04-30 12:14:43.451151: Aucun enregistrement à supprimer pour Subcontracting BOM
2025-04-30 12:14:43.451908: Aucun enregistrement à supprimer pour Unreconcile Payment
2025-04-30 12:14:43.452617: Aucun enregistrement à supprimer pour Serial and Batch Bundle
2025-04-30 12:14:43.453310: Aucun enregistrement à supprimer pour Blog Post
2025-04-30 12:14:43.454018: Aucun enregistrement à supprimer pour Asset Activity
2025-04-30 12:14:43.454712: Aucun enregistrement à supprimer pour BOM Creator
2025-04-30 12:14:43.455423: Aucun enregistrement à supprimer pour Repost Accounting Ledger
2025-04-30 12:14:43.456176: Aucun enregistrement à supprimer pour Stock Reservation Entry
2025-04-30 12:14:43.456877: Aucun enregistrement à supprimer pour Warehouse
2025-04-30 12:14:43.457653: Aucun enregistrement à supprimer pour Custom HTML Block
2025-04-30 12:14:43.458601: Aucun enregistrement à supprimer pour Changelog Feed
2025-04-30 12:14:43.459742: Aucun enregistrement à supprimer pour Process Payment Reconciliation
2025-04-30 12:14:43.460606: Aucun enregistrement à supprimer pour UTM Campaign
2025-04-30 12:14:43.461345: Aucun enregistrement à supprimer pour Process Payment Reconciliation Log
2025-04-30 12:14:43.462051: Aucun enregistrement à supprimer pour Reminder
2025-04-30 12:14:43.462742: Aucun enregistrement à supprimer pour Account Closing Balance
2025-04-30 12:14:43.463448: Aucun enregistrement à supprimer pour Permission Log
2025-04-30 12:14:43.464140: Aucun enregistrement à supprimer pour Incoterm
2025-04-30 12:14:43.464888: Aucun enregistrement à supprimer pour Workstation Type
2025-04-30 12:14:43.465601: Aucun enregistrement à supprimer pour Asset Depreciation Schedule
2025-04-30 12:14:43.466286: Aucun enregistrement à supprimer pour Repost Payment Ledger
2025-04-30 12:14:43.467000: Aucun enregistrement à supprimer pour Submission Queue
2025-04-30 12:14:43.467882: Aucun enregistrement à supprimer pour Inventory Dimension
2025-04-30 12:14:43.468648: Aucun enregistrement à supprimer pour Payment Ledger Entry
2025-04-30 12:14:43.469431: Aucun enregistrement à supprimer pour Subcontracting Receipt
2025-04-30 12:14:43.470238: Aucun enregistrement à supprimer pour Subcontracting Order
2025-04-30 12:14:43.470996: Aucun enregistrement à supprimer pour Integration Request
2025-04-30 12:14:43.471766: Aucun enregistrement à supprimer pour BOM Update Log
2025-04-30 12:14:43.472482: Aucun enregistrement à supprimer pour Telephony Call Type
2025-04-30 12:14:43.473634: Aucun enregistrement à supprimer pour Call Log
2025-04-30 12:14:43.474518: Aucun enregistrement à supprimer pour Employee
2025-04-30 12:14:43.475247: Aucun enregistrement à supprimer pour Lead
2025-04-30 12:14:43.475982: Aucun enregistrement à supprimer pour Journal Entry
2025-04-30 12:14:43.476740: Aucun enregistrement à supprimer pour Sales Invoice
2025-04-30 12:14:43.477482: Aucun enregistrement à supprimer pour Tax Category
2025-04-30 12:14:43.478422: Aucun enregistrement à supprimer pour Item Tax Template
2025-04-30 12:14:43.479632: Aucun enregistrement à supprimer pour Asset
2025-04-30 12:14:43.480486: Aucun enregistrement à supprimer pour Document Share Key
2025-04-30 12:14:43.481246: Aucun enregistrement à supprimer pour Cost Center Allocation
2025-04-30 12:14:43.482002: Aucun enregistrement à supprimer pour Repost Item Valuation
2025-04-30 12:14:43.482721: Aucun enregistrement à supprimer pour Data Import Log
2025-04-30 12:14:43.483500: Aucun enregistrement à supprimer pour Ledger Merge
2025-04-30 12:14:43.484268: Aucun enregistrement à supprimer pour Bulk Transaction Log Detail
2025-04-30 12:14:43.485054: Aucun enregistrement à supprimer pour Competitor
2025-04-30 12:14:43.485857: Aucun enregistrement à supprimer pour Print Format Field Template
2025-04-30 12:14:43.486641: Aucun enregistrement à supprimer pour Network Printer Settings
2025-04-30 12:14:43.487397: Aucun enregistrement à supprimer pour Package Import
2025-04-30 12:14:43.488105: Aucun enregistrement à supprimer pour Package Release
2025-04-30 12:14:43.488869: Aucun enregistrement à supprimer pour Asset Capitalization
2025-04-30 12:14:43.489779: Aucun enregistrement à supprimer pour Package
2025-04-30 12:14:43.490643: Aucun enregistrement à supprimer pour Party Specific Item
2025-04-30 12:14:43.491355: Aucun enregistrement à supprimer pour Prospect
2025-04-30 12:14:43.492184: Aucun enregistrement à supprimer pour Party Link
2025-04-30 12:14:43.492921: Aucun enregistrement à supprimer pour Discussion Reply
2025-04-30 12:14:43.493723: Aucun enregistrement à supprimer pour Discussion Topic
2025-04-30 12:14:43.494428: Aucun enregistrement à supprimer pour South Africa VAT Settings
2025-04-30 12:14:43.495590: Aucun enregistrement à supprimer pour Webhook Request Log
2025-04-30 12:14:43.496437: Aucun enregistrement à supprimer pour Form Tour
2025-04-30 12:14:43.497187: Aucun enregistrement à supprimer pour User Group
2025-04-30 12:14:43.497901: Aucun enregistrement à supprimer pour Transaction Deletion Record
2025-04-30 12:14:43.498612: Aucun enregistrement à supprimer pour Quality Inspection Parameter Group
2025-04-30 12:14:43.499402: Aucun enregistrement à supprimer pour Quality Inspection Parameter
2025-04-30 12:14:43.500170: Aucun enregistrement à supprimer pour Module Profile
2025-04-30 12:14:43.500907: Aucun enregistrement à supprimer pour Voice Call Settings
2025-04-30 12:14:43.501602: Aucun enregistrement à supprimer pour Incoming Call Settings
2025-04-30 12:14:43.502317: Aucun enregistrement à supprimer pour DocType Layout
2025-04-30 12:14:43.503040: Aucun enregistrement à supprimer pour Putaway Rule
2025-04-30 12:14:43.503733: Aucun enregistrement à supprimer pour Accounting Dimension Filter
2025-04-30 12:14:43.504917: Aucun enregistrement à supprimer pour Non Conformance
2025-04-30 12:14:43.505768: Aucun enregistrement à supprimer pour UAE VAT Settings
2025-04-30 12:14:43.506595: Aucun enregistrement à supprimer pour Document Naming Rule
2025-04-30 12:14:43.507422: Aucun enregistrement à supprimer pour Shipment Parcel Template
2025-04-30 12:14:43.508233: Aucun enregistrement à supprimer pour Shipment
2025-04-30 12:14:43.508943: Aucun enregistrement à supprimer pour Process Statement Of Accounts
2025-04-30 12:14:43.509755: Aucun enregistrement à supprimer pour Module Onboarding
2025-04-30 12:14:43.510539: Aucun enregistrement à supprimer pour Color
2025-04-30 12:14:43.511313: Aucun enregistrement à supprimer pour Downtime Entry
2025-04-30 12:14:43.512034: Aucun enregistrement à supprimer pour Web Template
2025-04-30 12:14:43.512807: Aucun enregistrement à supprimer pour Web Page View
2025-04-30 12:14:43.513551: Aucun enregistrement à supprimer pour Number Card
2025-04-30 12:14:43.514211: Aucun enregistrement à supprimer pour Journal Entry Template
2025-04-30 12:14:43.514858: Aucun enregistrement à supprimer pour Dashboard Settings
2025-04-30 12:14:43.515557: Aucun enregistrement à supprimer pour Lower Deduction Certificate
2025-04-30 12:14:43.516180: Aucun enregistrement à supprimer pour POS Opening Entry
2025-04-30 12:14:43.516815: Aucun enregistrement à supprimer pour POS Invoice Merge Log
2025-04-30 12:14:43.517488: Aucun enregistrement à supprimer pour POS Invoice
2025-04-30 12:14:43.518150: Aucun enregistrement à supprimer pour Dunning Type
2025-04-30 12:14:43.518786: Aucun enregistrement à supprimer pour Process Deferred Accounting
2025-04-30 12:14:43.519395: Aucun enregistrement à supprimer pour List View Settings
2025-04-30 12:14:43.520029: Aucun enregistrement à supprimer pour Import Supplier Invoice
2025-04-30 12:14:43.520759: Aucun enregistrement à supprimer pour Tag Link
2025-04-30 12:14:43.521390: Aucun enregistrement à supprimer pour Appointment
2025-04-30 12:14:43.522145: Aucun enregistrement à supprimer pour Notification Log
2025-04-30 12:14:43.522892: Aucun enregistrement à supprimer pour Data Import
2025-04-30 12:14:43.523610: Aucun enregistrement à supprimer pour Bank Statement Import
2025-04-30 12:14:43.524271: Aucun enregistrement à supprimer pour Pick List
2025-04-30 12:14:43.524934: Aucun enregistrement à supprimer pour Google Calendar
2025-04-30 12:14:43.525604: Aucun enregistrement à supprimer pour Dunning
2025-04-30 12:14:43.526233: Aucun enregistrement à supprimer pour Email Campaign
2025-04-30 12:14:43.526856: Aucun enregistrement à supprimer pour Google Contacts
2025-04-30 12:14:43.527461: Aucun enregistrement à supprimer pour Communication Medium
2025-04-30 12:14:43.528093: Aucun enregistrement à supprimer pour Item Manufacturer
2025-04-30 12:14:43.528690: Aucun enregistrement à supprimer pour Quality Feedback
2025-04-30 12:14:43.529409: Aucun enregistrement à supprimer pour Quality Feedback Template
2025-04-30 12:14:43.530064: Aucun enregistrement à supprimer pour Warehouse Type
2025-04-30 12:14:43.530705: Aucun enregistrement à supprimer pour Issue Priority
2025-04-30 12:14:43.531414: Aucun enregistrement à supprimer pour Accounting Dimension
2025-04-30 12:14:43.532097: Aucun enregistrement à supprimer pour Task Type
2025-04-30 12:14:43.532801: Aucun enregistrement à supprimer pour Milestone
2025-04-30 12:14:43.533461: Aucun enregistrement à supprimer pour Milestone Tracker
2025-04-30 12:14:43.534099: Aucun enregistrement à supprimer pour Stock Entry Type
2025-04-30 12:14:43.534732: Aucun enregistrement à supprimer pour Invoice Discounting
2025-04-30 12:14:43.535510: Aucun enregistrement à supprimer pour Assignment Rule
2025-04-30 12:14:43.536200: Aucun enregistrement à supprimer pour Project Template
2025-04-30 12:14:43.536881: Aucun enregistrement à supprimer pour Website Route Meta
2025-04-30 12:14:43.537602: Aucun enregistrement à supprimer pour Personal Data Deletion Request
2025-04-30 12:14:43.538406: Aucun enregistrement à supprimer pour Promotional Scheme
2025-04-30 12:14:43.539141: Aucun enregistrement à supprimer pour Comment
2025-04-30 12:14:43.539828: Aucun enregistrement à supprimer pour Dashboard Chart Source
2025-04-30 12:14:43.540468: Aucun enregistrement à supprimer pour Token Cache
2025-04-30 12:14:43.541076: Aucun enregistrement à supprimer pour Personal Data Download Request
2025-04-30 12:14:43.541702: Aucun enregistrement à supprimer pour Connected App
2025-04-30 12:14:43.542308: Aucun enregistrement à supprimer pour Dashboard
2025-04-30 12:14:43.542978: Aucun enregistrement à supprimer pour Dashboard Chart
2025-04-30 12:14:43.543589: Aucun enregistrement à supprimer pour Document Follow
2025-04-30 12:14:43.544218: Aucun enregistrement à supprimer pour Opportunity Lost Reason
2025-04-30 12:14:43.544887: Aucun enregistrement à supprimer pour Service Level Agreement
2025-04-30 12:14:43.545565: Aucun enregistrement à supprimer pour Employee Group
2025-04-30 12:14:43.546234: Aucun enregistrement à supprimer pour Bank Account Subtype
2025-04-30 12:14:43.547001: Aucun enregistrement à supprimer pour Bank Account Type
2025-04-30 12:14:43.547760: Aucun enregistrement à supprimer pour Bank Transaction
2025-04-30 12:14:43.548558: Aucun enregistrement à supprimer pour Video
2025-04-30 12:14:43.549201: Aucun enregistrement à supprimer pour Quality Meeting
2025-04-30 12:14:43.549851: Aucun enregistrement à supprimer pour Quality Procedure
2025-04-30 12:14:43.550478: Aucun enregistrement à supprimer pour Route History
2025-04-30 12:14:43.551079: Aucun enregistrement à supprimer pour Quality Goal
2025-04-30 12:14:43.551657: Aucun enregistrement à supprimer pour Quality Review
2025-04-30 12:14:43.552204: Aucun enregistrement à supprimer pour Quality Action
2025-04-30 12:14:43.552794: Aucun enregistrement à supprimer pour Market Segment
2025-04-30 12:14:43.553339: Aucun enregistrement à supprimer pour Sales Stage
2025-04-30 12:14:43.553970: Aucun enregistrement à supprimer pour Email Digest
2025-04-30 12:14:43.554604: Aucun enregistrement à supprimer pour Payment Order
2025-04-30 12:14:43.555224: Aucun enregistrement à supprimer pour Routing
2025-04-30 12:14:43.555855: Aucun enregistrement à supprimer pour Job Card
2025-04-30 12:14:43.556447: Aucun enregistrement à supprimer pour Prepared Report
2025-04-30 12:14:43.557032: Aucun enregistrement à supprimer pour Cashier Closing
2025-04-30 12:14:43.557602: Aucun enregistrement à supprimer pour Sales Partner Type
2025-04-30 12:14:43.558201: Aucun enregistrement à supprimer pour POS Closing Entry
2025-04-30 12:14:43.559014: Aucun enregistrement à supprimer pour View Log
2025-04-30 12:14:43.559675: Aucun enregistrement à supprimer pour Blanket Order
2025-04-30 12:14:43.560294: Aucun enregistrement à supprimer pour Slack Webhook URL
2025-04-30 12:14:43.560874: Aucun enregistrement à supprimer pour Asset Value Adjustment
2025-04-30 12:14:43.561442: Aucun enregistrement à supprimer pour Location
2025-04-30 12:14:43.562011: Aucun enregistrement à supprimer pour UOM Conversion Factor
2025-04-30 12:14:43.562600: Aucun enregistrement à supprimer pour UOM Category
2025-04-30 12:14:43.563177: Aucun enregistrement à supprimer pour Contract Template
2025-04-30 12:14:43.563726: Aucun enregistrement à supprimer pour Success Action
2025-04-30 12:14:43.564280: Aucun enregistrement à supprimer pour Accounting Period
2025-04-30 12:14:43.564824: Aucun enregistrement à supprimer pour Tax Withholding Category
2025-04-30 12:14:43.565461: Aucun enregistrement à supprimer pour Exchange Rate Revaluation
2025-04-30 12:14:43.566010: Aucun enregistrement à supprimer pour Finance Book
2025-04-30 12:14:43.566605: Aucun enregistrement à supprimer pour Contract
2025-04-30 12:14:43.567190: Aucun enregistrement à supprimer pour Bank
2025-04-30 12:14:43.567768: Aucun enregistrement à supprimer pour Auto Repeat
2025-04-30 12:14:43.568338: Aucun enregistrement à supprimer pour Item Alternative
2025-04-30 12:14:43.568952: Aucun enregistrement à supprimer pour Subscription Plan
2025-04-30 12:14:43.569633: Aucun enregistrement à supprimer pour List Filter
2025-04-30 12:14:43.570313: Aucun enregistrement à supprimer pour Transaction Log
2025-04-30 12:14:43.570968: Aucun enregistrement à supprimer pour Quality Inspection Template
2025-04-30 12:14:43.571590: Aucun enregistrement à supprimer pour Loyalty Program
2025-04-30 12:14:43.572192: Aucun enregistrement à supprimer pour Loyalty Point Entry
2025-04-30 12:14:43.572778: Aucun enregistrement à supprimer pour Coupon Code
2025-04-30 12:14:43.573325: Aucun enregistrement à supprimer pour Project Update
2025-04-30 12:14:43.573916: Aucun enregistrement à supprimer pour Share Type
2025-04-30 12:14:43.574461: Aucun enregistrement à supprimer pour Share Transfer
2025-04-30 12:14:43.575136: Aucun enregistrement à supprimer pour Shareholder
2025-04-30 12:14:43.575747: Aucun enregistrement à supprimer pour Social Login Key
2025-04-30 12:14:43.576304: Aucun enregistrement à supprimer pour Production Plan
2025-04-30 12:14:43.576912: Aucun enregistrement à supprimer pour Asset Maintenance Log
2025-04-30 12:14:43.577517: Aucun enregistrement à supprimer pour Calendar View
2025-04-30 12:14:43.578116: Aucun enregistrement à supprimer pour Asset Repair
2025-04-30 12:14:43.578696: Aucun enregistrement à supprimer pour Asset Maintenance Team
2025-04-30 12:14:43.579266: Aucun enregistrement à supprimer pour Asset Maintenance
2025-04-30 12:14:43.579853: Aucun enregistrement à supprimer pour Driver
2025-04-30 12:14:43.580413: Aucun enregistrement à supprimer pour Delivery Trip
2025-04-30 12:14:43.581013: Aucun enregistrement à supprimer pour Opportunity Type
2025-04-30 12:14:43.581613: Aucun enregistrement à supprimer pour Issue Type
2025-04-30 12:14:43.582247: Aucun enregistrement à supprimer pour Webhook
2025-04-30 12:14:43.582849: Aucun enregistrement à supprimer pour Role Profile
2025-04-30 12:14:43.583433: Aucun enregistrement à supprimer pour Print Style
2025-04-30 12:14:43.584108: Aucun enregistrement à supprimer pour Payment Terms Template
2025-04-30 12:14:43.584740: Aucun enregistrement à supprimer pour Payment Term
2025-04-30 12:14:43.585345: Aucun enregistrement à supprimer pour Subscription
2025-04-30 12:14:43.585897: Aucun enregistrement à supprimer pour Project Type
2025-04-30 12:14:43.586681: Aucun enregistrement à supprimer pour Supplier Scorecard Period
2025-04-30 12:14:43.587358: Aucun enregistrement à supprimer pour Bank Account
2025-04-30 12:14:43.587962: Aucun enregistrement à supprimer pour Supplier Scorecard
2025-04-30 12:14:43.588589: Aucun enregistrement à supprimer pour Supplier Scorecard Standing
2025-04-30 12:14:43.589288: Aucun enregistrement à supprimer pour Supplier Scorecard Criteria
2025-04-30 12:14:43.589929: Aucun enregistrement à supprimer pour Supplier Scorecard Variable
2025-04-30 12:14:43.590531: Aucun enregistrement à supprimer pour Domain
2025-04-30 12:14:43.591124: Aucun enregistrement à supprimer pour Salutation
2025-04-30 12:14:43.591685: Aucun enregistrement à supprimer pour Gender
2025-04-30 12:14:43.592239: Aucun enregistrement à supprimer pour Customs Tariff Number
2025-04-30 12:14:43.592830: Aucun enregistrement à supprimer pour Email Rule
2025-04-30 12:14:43.593378: Aucun enregistrement à supprimer pour Custom Role
2025-04-30 12:14:43.593969: Aucun enregistrement à supprimer pour Deleted Document
2025-04-30 12:14:43.594545: Aucun enregistrement à supprimer pour Website Sidebar
2025-04-30 12:14:43.595103: Aucun enregistrement à supprimer pour Party Type
2025-04-30 12:14:43.595671: Aucun enregistrement à supprimer pour Bank Guarantee
2025-04-30 12:14:43.596265: Aucun enregistrement à supprimer pour Kanban Board
2025-04-30 12:14:43.596847: Aucun enregistrement à supprimer pour Vehicle
2025-04-30 12:14:43.597432: Aucun enregistrement à supprimer pour Auto Email Report
2025-04-30 12:14:43.598030: Aucun enregistrement à supprimer pour OAuth Authorization Code
2025-04-30 12:14:43.598581: Aucun enregistrement à supprimer pour OAuth Bearer Token
2025-04-30 12:14:43.599187: Aucun enregistrement à supprimer pour OAuth Client
2025-04-30 12:14:43.599820: Aucun enregistrement à supprimer pour Payment Entry
2025-04-30 12:14:43.600443: Aucun enregistrement à supprimer pour Tag
2025-04-30 12:14:43.601028: Aucun enregistrement à supprimer pour Budget
2025-04-30 12:14:43.601593: Aucun enregistrement à supprimer pour Cheque Print Template
2025-04-30 12:14:43.602392: Aucun enregistrement à supprimer pour Asset Movement
2025-04-30 12:14:43.603093: Aucun enregistrement à supprimer pour Email Flag Queue
2025-04-30 12:14:43.603659: Aucun enregistrement à supprimer pour Unhandled Email
2025-04-30 12:14:43.604248: Aucun enregistrement à supprimer pour Asset Category
2025-04-30 12:14:43.604812: Aucun enregistrement à supprimer pour Request for Quotation
2025-04-30 12:14:43.605413: Aucun enregistrement à supprimer pour Manufacturer
2025-04-30 12:14:43.606022: Aucun enregistrement à supprimer pour Payment Gateway Account
2025-04-30 12:14:43.606584: Aucun enregistrement à supprimer pour Payment Request
2025-04-30 12:14:43.607160: Aucun enregistrement à supprimer pour Tax Rule
2025-04-30 12:14:43.607813: Aucun enregistrement à supprimer pour Activity Cost
2025-04-30 12:14:43.608419: Aucun enregistrement à supprimer pour Email Unsubscribe
2025-04-30 12:14:43.608974: Aucun enregistrement à supprimer pour Email Group Member
2025-04-30 12:14:43.609633: Aucun enregistrement à supprimer pour Email Group
2025-04-30 12:14:43.610229: Aucun enregistrement à supprimer pour Website Theme
2025-04-30 12:14:43.610796: Aucun enregistrement à supprimer pour DocShare
2025-04-30 12:14:43.611371: Aucun enregistrement à supprimer pour Operation
2025-04-30 12:14:43.611977: Aucun enregistrement à supprimer pour Help Article
2025-04-30 12:14:43.612602: Aucun enregistrement à supprimer pour Help Category
2025-04-30 12:14:43.613184: Aucun enregistrement à supprimer pour Item Attribute
2025-04-30 12:14:43.613962: Aucun enregistrement à supprimer pour Web Form
2025-04-30 12:14:43.614881: Aucun enregistrement à supprimer pour Language
2025-04-30 12:14:43.615510: Aucun enregistrement à supprimer pour Notification
2025-04-30 12:14:43.616214: Aucun enregistrement à supprimer pour Landed Cost Voucher
2025-04-30 12:14:43.616814: Aucun enregistrement à supprimer pour Pricing Rule
2025-04-30 12:14:43.617373: Aucun enregistrement à supprimer pour Version
2025-04-30 12:14:43.618489: Aucun enregistrement à supprimer pour Shipping Rule
2025-04-30 12:14:43.619713: Aucun enregistrement à supprimer pour Product Bundle
2025-04-30 12:14:43.620489: Aucun enregistrement à supprimer pour Sales Order
2025-04-30 12:14:43.621098: Aucun enregistrement à supprimer pour Customer
2025-04-30 12:14:43.621675: Aucun enregistrement à supprimer pour Event
2025-04-30 12:14:43.622281: Aucun enregistrement à supprimer pour Delivery Note
2025-04-30 12:14:43.622853: Aucun enregistrement à supprimer pour Quotation
2025-04-30 12:14:43.623657: Aucun enregistrement à supprimer pour Note
2025-04-30 12:14:43.624315: Aucun enregistrement à supprimer pour POS Profile
2025-04-30 12:14:43.624896: Aucun enregistrement à supprimer pour Supplier Quotation
2025-04-30 12:14:43.625528: Aucun enregistrement à supprimer pour Purchase Order
2025-04-30 12:14:43.626153: Aucun enregistrement à supprimer pour Purchase Invoice
2025-04-30 12:14:43.626736: Aucun enregistrement à supprimer pour Purchase Receipt
2025-04-30 12:14:43.627324: Aucun enregistrement à supprimer pour Serial No
2025-04-30 12:14:43.627963: Aucun enregistrement à supprimer pour Item
2025-04-30 12:14:43.628784: Aucun enregistrement à supprimer pour Item Price
2025-04-30 12:14:43.629828: Aucun enregistrement à supprimer pour Installation Note
2025-04-30 12:14:43.630569: Aucun enregistrement à supprimer pour Quality Inspection
2025-04-30 12:14:43.631151: Aucun enregistrement à supprimer pour Sales Partner
2025-04-30 12:14:43.631753: Aucun enregistrement à supprimer pour Packing Slip
2025-04-30 12:14:43.632357: Aucun enregistrement à supprimer pour Stock Entry
2025-04-30 12:14:43.633020: Aucun enregistrement à supprimer pour Stock Reconciliation
2025-04-30 12:14:43.633611: Aucun enregistrement à supprimer pour Web Page
2025-04-30 12:14:43.634327: Aucun enregistrement à supprimer pour Item Group
2025-04-30 12:14:43.634987: Aucun enregistrement à supprimer pour Blogger
2025-04-30 12:14:43.635561: Aucun enregistrement à supprimer pour Blog Category
2025-04-30 12:14:43.636459: Aucun enregistrement à supprimer pour Opportunity
2025-04-30 12:14:43.637054: Aucun enregistrement à supprimer pour Website Slideshow
2025-04-30 12:14:43.637572: Aucun enregistrement à supprimer pour Material Request
2025-04-30 12:14:43.638104: Aucun enregistrement à supprimer pour Project
2025-04-30 12:14:43.638643: Aucun enregistrement à supprimer pour Batch
2025-04-30 12:14:43.639266: Aucun enregistrement à supprimer pour Activity Type
2025-04-30 12:14:43.639867: Aucun enregistrement à supprimer pour Timesheet
2025-04-30 12:14:43.640441: Aucun enregistrement à supprimer pour Brand
2025-04-30 12:14:43.641005: Aucun enregistrement à supprimer pour Department
2025-04-30 12:14:43.641616: Aucun enregistrement à supprimer pour Issue
2025-04-30 12:14:43.642202: Aucun enregistrement à supprimer pour Account
2025-04-30 12:14:43.642792: Aucun enregistrement à supprimer pour Task
2025-04-30 12:14:43.643360: Aucun enregistrement à supprimer pour Stock Ledger Entry
2025-04-30 12:14:43.643910: Aucun enregistrement à supprimer pour Communication
2025-04-30 12:14:43.644670: Aucun enregistrement à supprimer pour Price List
2025-04-30 12:14:43.645258: Aucun enregistrement à supprimer pour Cost Center
2025-04-30 12:14:43.645921: Aucun enregistrement à supprimer pour BOM
2025-04-30 12:14:43.646573: Aucun enregistrement à supprimer pour Country
2025-04-30 12:14:43.647074: Aucun enregistrement à supprimer pour Address
2025-04-30 12:14:43.647560: Aucun enregistrement à supprimer pour Contact
2025-04-30 12:14:43.648438: Aucun enregistrement à supprimer pour Newsletter
2025-04-30 12:14:43.649215: Aucun enregistrement à supprimer pour Maintenance Visit
2025-04-30 12:14:43.649752: Aucun enregistrement à supprimer pour Warranty Claim
2025-04-30 12:14:43.650423: Aucun enregistrement à supprimer pour Maintenance Schedule
2025-04-30 12:14:43.650965: Aucun enregistrement à supprimer pour Bin
2025-04-30 12:14:43.651502: Aucun enregistrement à supprimer pour UOM
2025-04-30 12:14:43.651978: Aucun enregistrement à supprimer pour Territory
2025-04-30 12:14:43.652472: Aucun enregistrement à supprimer pour Sales Person
2025-04-30 12:14:43.653086: Aucun enregistrement à supprimer pour Print Heading
2025-04-30 12:14:43.653785: Aucun enregistrement à supprimer pour Supplier Group
2025-04-30 12:14:43.654343: Aucun enregistrement à supprimer pour Quotation Lost Reason
2025-04-30 12:14:43.655298: Aucun enregistrement à supprimer pour Customer Group
2025-04-30 12:14:43.656341: Aucun enregistrement à supprimer pour Authorization Rule
2025-04-30 12:14:43.657043: Aucun enregistrement à supprimer pour Campaign
2025-04-30 12:14:43.657621: Aucun enregistrement à supprimer pour Workstation
2025-04-30 12:14:43.658532: Aucun enregistrement à supprimer pour Work Order
2025-04-30 12:14:43.659419: Aucun enregistrement à supprimer pour Holiday List
2025-04-30 12:14:43.660516: Aucun enregistrement à supprimer pour Branch
2025-04-30 12:14:43.661552: Aucun enregistrement à supprimer pour Designation
2025-04-30 12:14:43.662371: Aucun enregistrement à supprimer pour Supplier
2025-04-30 12:14:43.663220: Aucun enregistrement à supprimer pour Sales Taxes and Charges Template
2025-04-30 12:14:43.664231: Aucun enregistrement à supprimer pour Purchase Taxes and Charges Template
2025-04-30 12:14:43.665046: Aucun enregistrement à supprimer pour Period Closing Voucher
2025-04-30 12:14:43.665835: Aucun enregistrement à supprimer pour GL Entry
2025-04-30 12:14:43.666610: Aucun enregistrement à supprimer pour Monthly Distribution
2025-04-30 12:14:43.667310: Aucun enregistrement à supprimer pour File
2025-04-30 12:14:43.668150: Aucun enregistrement à supprimer pour Mode of Payment
2025-04-30 12:14:43.670073: Aucun enregistrement à supprimer pour Email Queue
2025-04-30 12:14:43.671059: Aucun enregistrement à supprimer pour ToDo
2025-04-30 12:14:43.671932: Aucun enregistrement à supprimer pour SMS Log
2025-04-30 12:14:43.672886: Aucun enregistrement à supprimer pour Industry Type
2025-04-30 12:14:43.673221: Réinitialisation terminée. Résumé: {
  "dry_run": false,
  "total_doctypes_processed": 336,
  "doctypes_with_data": 0,
  "doctypes_empty": 336,
  "doctypes_with_errors": 0,
  "total_records_deleted": 0,
  "details": []
}
